200907 1706   1 -28  2.84   0.0014607  AJ8S EM89 30            0  3626   32    2 -209  0
200907 1706   3 -21  3.65   0.0014979  N8MIQ EM79 30           0     1    0    1  225  0
200907 1706   1 -28  3.61   0.0015512  KN8DMK EM89 23          0     5    0    1  111  0
200907 1706   1 -28  2.84   0.0014607  AJ8S EM89 30            0  3626   32    2 -209  0
200907 1706   3 -21  3.65   0.0014979  N8MIQ EM79 30           0     1    0    1  225  0
200907 1706   1 -28  3.61   0.0015512  KN8DMK EM89 23          0     5    0    1  111  0
200907 1956   3 -28 -0.66   0.0014268  KN8DMK EM89 33          0     1    0    1  412  0
200907 1956   3 -28 -0.66   0.0014268  KN8DMK EM89 33          0     1    0    1  412  0
200907 2004   2 -20  2.20   0.0014935  AC2ZR FN13 33           0   375    8    2  -71  0
200907 2032   2 -26  0.45   0.0015139  KD6RF EM22 37           0  3143    0    1 -238  0
200907 2034   3 -19  1.82   0.0014765  WA3DNM FM29 37         -1     2    0    1  246  0
200907 2042   2 -23  2.16   0.0014933  AC2ZR FN13 33           0  1252    8    1 -184  0
200907 2048   1 -18  1.65   0.0014934  AC2ZR FN13 33           0   246    0    1  -68  0
200907 2048   5 -22  1.77   0.0015123  KD6RF EM22 37           0     1    0    1  504  0
200907 2100   3 -31  1.05   0.0015135  KD6RF EM22 37          -1     1    0    1  355  0
200907 2108   1 -15  0.88   0.0014759  <WA3DNM> FM29FW 37      0     3    0    1   39  0
200907 2132   1 -25  2.41   0.0014931  AC2ZR FN13 33           0  4583    0    1 -141  0
200907 2134   3 -25  2.41   0.0014930  AC2ZR FN13 33           0     1    0    1  359  0
200907 2136   1 -29  2.29   0.0014929  AC2ZR FN13 33           0  2900    0    1 -153  0
200907 2140   1 -26  1.90   0.0014929  AC2ZR FN13 33           0  4394   16    1 -186  0
200907 2158   3 -24  0.66   0.0014929  AC2ZR FN13 33           0     1    0    1  332  0
200907 2200   3 -19  0.54   0.0014929  AC2ZR FN13 33           0     1    0    1  434  0
200907 2208   2 -31  2.67   0.0014929  AC2ZR FN13 33           0    11    0    1   28  0
200907 2210   2 -26  2.54   0.0014929  AC2ZR FN13 33           0     2    0    1  -20  0
200907 2212   3 -21  2.37   0.0014928  AC2ZR FN13 33           0     1    0    1  622  0
200907 2214   4 -20  2.20   0.0014928  AC2ZR FN13 33           0     1    0    1  625  0
200907 2310   1 -31  0.71   0.0014926  AC2ZR FN13 33           0  4059  -24    1 -252  0
200907 2314   2 -26  0.37   0.0014927  AC2ZR FN13 33           0     2    0    1  -17  0
200907 2316   1 -34  0.15   0.0014925  AC2ZR FN13 33           0  1326   -8    1 -215  0
200907 2348   2 -20  0.58   0.0014922  AC2ZR FN13 33           0   102    0    2 -119  0
200907 2350   3 -24  0.41   0.0014924  AC2ZR FN13 33           0     1    0    1  170  0
200907 2352   2 -25  0.28   0.0014924  AC2ZR FN13 33           0    41    0    1  -87  0
200907 2358   1 -25  2.50   0.0014924  AC2ZR FN13 33           0   145    0    1 -161  0
200908 0006   2 -15  1.90   0.0014924  AC2ZR FN13 33           0    14   56    1   97  0
200908 0008   5 -25  1.82   0.0014355  WD8CIV FN13 37         -3     1    0    1  724  0
200908 0008   2 -17  2.03   0.0014924  AC2ZR FN13 33           0     3    0    1  125  0
200908 0016   2 -16  1.22   0.0014924  AC2ZR FN13 33           0  2806    8    2 -169  0
200908 0018   1 -15  1.09   0.0014923  AC2ZR FN13 33           0   650   24    1 -146  0
200908 0034   3 -25  2.67   0.0014925  AC2ZR FN13 33           0     1    0    1  462  0
200908 0036   2 -18  2.54   0.0014622  AC3V FN11 40            0  1692  -16    2 -151  0
200908 0036   3 -23  2.54   0.0014925  AC2ZR FN13 33           0     1    0    1  570  0
200908 0038   3 -32  2.33   0.0014926  AC2ZR FN13 33           0     1    0    1  554  0
200908 0046   3 -32  1.77   0.0014928  AC2ZR FN13 33           0     1    0    1  502  0
200908 0048   3 -25  1.65   0.0014929  AC2ZR FN13 33           0     1    0    1  199  0
200908 0050   2 -30  1.35   0.0014928  AC2ZR FN13 33           0    49    0    1   76  0
200908 0052   3 -25  1.35   0.0014927  AC2ZR FN13 33           0     1    0    1  302  0
200908 0054   3 -24  1.13   0.0014926  AC2ZR FN13 33           0     1    0    1  399  0
200908 0056   2 -28  1.01   0.0014924  AC2ZR FN13 33           0     2    0    1   32  0
200908 0058   2 -22  0.88   0.0014926  AC2ZR FN13 33           0     1    0    1  350  0
200908 0100   2 -23  0.75   0.0014926  AC2ZR FN13 33           0     1    0    1  358  0
200908 0102   2 -25  0.49   0.0014926  AC2ZR FN13 33           0     7    0    1  167  0
200908 0106   4 -24  0.19   0.0014928  AC2ZR FN13 33           0     1    0    1  610  0
200908 0108   4 -23  0.07   0.0014623  AC3V FN11 40            0     1    0    1  214  0
200908 0108   4 -22 -0.02   0.0014928  AC2ZR FN13 33           0     1    0    1  525  0
200908 0110   3 -29  3.05   0.0014647  K6RRP DM12 33           0     1    0    1  372  0
200908 0110   4 -21  2.63   0.0014929  AC2ZR FN13 33           0     1    0    1  561  0
200908 0112   3 -24  2.54   0.0014927  AC2ZR FN13 33           0     1    0    1  426  0
200908 0114   2 -20  2.33   0.0014927  AC2ZR FN13 33           0     1    0    1  225  0
200908 0116   2 -23  2.24   0.0014926  AC2ZR FN13 33           0     1    0    1  277  0
200908 0118   2 -20  2.07   0.0014925  AC2ZR FN13 33           0     1    0    1  236  0
200908 0120   3 -23  1.99   0.0014925  AC2ZR FN13 33           0     1    0    1  284  0
200908 0120   2 -22  2.33   0.0015480  K6RRP DM12 33           0     1    0    1  136  0
200908 0122   3 -23  1.77   0.0014925  AC2ZR FN13 33           0     1    0    1  514  0
200908 0124   2 -23  1.65   0.0014925  AC2ZR FN13 33           0     7    0    1  156  0
200908 0126   3 -16  1.39   0.0014926  AC2ZR FN13 33           0     1    0    1  519  0
200908 0128   4 -14  1.26   0.0014926  AC2ZR FN13 33           0     1    0    1  649  0
200908 0130   3 -23  1.56   0.0014230  K6RRP DM12 33           0     1    0    1  315  0
200908 0130   3 -15  1.18   0.0014927  AC2ZR FN13 33           0     1    0    1  320  0
200908 0132   3 -17  1.05   0.0014928  AC2ZR FN13 33           0    22    0    1  173  0
200908 0134   2 -14  0.92   0.0014928  AC2ZR FN13 33           0     4    0    1  127  0
200908 0136   2 -22  0.71   0.0014928  AC2ZR FN13 33           0    77    0    1   18  0
200908 0138   2 -19  0.62   0.0014928  AC2ZR FN13 33           0  3910   -8    1 -125  0
200908 0142   3 -25  0.07   0.0014282  AA7FV DM42 30           0     1    0    1  402  0
200908 0142   2 -21  0.28   0.0014926  AC2ZR FN13 33           0     1    0    1  101  0
200908 0144   2 -19  0.15   0.0014928  AC2ZR FN13 33           0    14    0    1  -48  0
200908 0146   2 -17  2.80   0.0014926  AC2ZR FN13 33           0     1    0    1  189  0
200908 0148   3 -19  2.58   0.0014927  AC2ZR FN13 33           0     1    0    1  266  0
200908 0152   2 -24  2.29   0.0014925  AC2ZR FN13 33           0    27    0    1  -53  0
200908 0154   3 -25  2.16   0.0014925  AC2ZR FN13 33           0     1    0    1  362  0
200908 0156   1 -26  1.86   0.0014924  AC2ZR FN13 33           0  2983   32    2 -109  0
200908 0158   5 -19  1.65   0.0014285  AA7FV DM42 30           0     1    0    1  769  0
200908 0158   2 -24  1.73   0.0014926  AC2ZR FN13 33           0     1    0    1  142  0
200908 0200   2 -20  1.65   0.0014927  AC2ZR FN13 33           0   354    0    1  -94  0
200908 0202   3 -23  1.47   0.0014927  AC2ZR FN13 33           0     1    0    1  247  0
200908 0204   2 -19  1.30   0.0014927  AC2ZR FN13 33           0     9    0    1   44  0
200908 0208   2 -33  1.05   0.0014927  AC2ZR FN13 33           0   412    0    1 -112  0
200908 0208   1 -30  1.01   0.0015632  WA1DLZ FN54 30          0   151   16    2 -175  0
200908 0212   3 -26  0.49   0.0014284  AA7FV DM42 30           0     1    0    1  483  0
200908 0216   1 -24  0.45   0.0014926  AC2ZR FN13 33           0  1393   24    1 -166  0
200908 0218   2 -23  0.37   0.0014926  AC2ZR FN13 33           0     5    0    1    8  0
200908 0220   4 -19  0.62   0.0014276  K6RRP DM12 33           0     1    0    1  234  0
200908 0220   3 -20  0.15   0.0014927  AC2ZR FN13 33           0     1    0    1  328  0
200908 0228   3 -18  2.11   0.0014285  AA7FV DM42 30           0     1    0    1  464  0
200908 0230   2 -20  2.58   0.0015325  K6RRP DM12 33           1     1    0    1  114  0
200908 0240   4 -17  1.86   0.0014977  K6RRP DM12 33           1     1    0    1  350  0
200908 0250   4 -10  1.05   0.0015804  K6RRP DM12 33           0     1    0    1  387  0
200908 1340   2 -27 -0.19   0.0014948  K6RRP DM12 33           0    98    0    1  -99  0
200908 1342   2 -23 -0.66   0.0015391  K1BZ FM19 30            0   239    0    1 -230  0
200908 1408   2 -22 -1.38   0.0014767  <WA3DNM> FM29FW 37     -2     1    0    1  148  0
200908 1410   2 -29 -0.23   0.0014932  AC2ZR FN13 33           0     1    0    1   83  0
200908 1412   2 -25 -0.36   0.0014931  AC2ZR FN13 33           0     1    0    1  416  0
200908 1416   1 -25  0.19   0.0014501  KY5M EM12 37            0  1799   -8    1 -214  0
200908 1746   6 -15 -3.22   0.0014595  WA2JRV EM12 37         -1     1    0    1  745  0
200908 1804   5 -17 -3.60   0.0014596  WA2JRV EM12 37          0     1    0    1  549  0
200908 1820   6 -12 -1.09   0.0014602  WA2JRV EM12 37          1     1    0    1  608  0
200908 1824   8  -7 -1.43   0.0014600  WA2JRV EM12 37          0     1    0    1  661  0
200908 1824   1 -29  1.22   0.0014921  AC2ZR FN13 33           0   709    0    2 -154  0
200908 1826   7 -11 -1.55   0.0014599  WA2JRV EM12 37          0     1    0    1  384  0
200908 1848   4 -19 -2.58  10.1401582  WA2JRV EM12 37          0     1    0    1  488  0
200908 1850   1 -30  0.24  10.1401801  W5JVS EM15 37           0   488   24    2 -109  0
200908 1850   1 -28 -0.10  10.1401919  AC2ZR FN13 33           0    11    0    1  -54  0
200908 1852   5 -20 -2.96  10.1401587  WA2JRV EM12 37          1     1    0    1  551  0
200908 1854   1 -30 -0.36  10.1401918  AC2ZR FN13 33           0  4779    0    1 -246  0
200908 1856   3 -22 -0.49  10.1401284  KN8DMK EM89 33          0     1    0    1  434  0
200908 1856   5 -17 -3.26  10.1401589  WA2JRV EM12 37          0     1    0    1  647  0
200908 1856   1 -32 -0.02  10.1402075  N0CXX EN42 37           0    77    8    2 -138  0
200908 1902   6 -17 -1.60  10.1401587  WA2JRV EM12 37          1     1    0    1  716  0
200908 1908   4 -21 -3.18  10.1401600  WA2JRV EM12 37          1     1    0    1  503  0
200908 1908   2 -27 -0.36  10.1401919  AC2ZR FN13 33           0     1    0    1   75  0
200908 1910   5 -19 -3.30  10.1401602  WA2JRV EM12 37         -1     1    0    1  683  0
200908 1910   2 -31  0.28  10.1402077  N0CXX EN42 37           0     1    0    1  305  0
200908 1914   1 -31  1.39  10.1401918  AC2ZR FN13 33           0  1463   32    2 -177  0
200908 1916   1 -31  1.39  10.1401917  AC2ZR FN13 33           0  3177  -40    1 -246  0
200908 1918   6 -14 -1.64  10.1401605  WA2JRV EM12 37          0     1    0    1  694  0
200908 1920   6 -14 -1.77  10.1401604  WA2JRV EM12 37          0     1    0    1  736  0
200908 1922   1 -29  0.79  10.1401992  KB3OIL FM19 30          0  4395   24    2 -187  0
200908 1924   7 -14 -2.07  10.1401592  WA2JRV EM12 37          0     1    0    1  779  0
200908 1926   7 -11 -2.28  10.1401590  WA2JRV EM12 37          0     1    0    1  763  0
200908 1926   2 -28  0.96  10.1401821  K4RUR EL98 37           0     2    0    1  -62  0
200908 1926   2 -25  0.62  10.1401917  AC2ZR FN13 33           0     1    0    1  273  0
200908 1928   2 -19  0.49  10.1401285  KN8DMK EM89 33          0     1    0    1  325  0
200908 1928   2 -28  0.41  10.1401918  AC2ZR FN13 33           0     1    0    1  164  0
200908 1928   2 -27  0.45  10.1402213  W3AJ FM29 40            0     7    0    1  -44  0
200908 1930   6  -9 -2.58  10.1401582  WA2JRV EM12 37          0     1    0    1  718  0
200908 1930   1 -31  0.37  10.1401917  AC2ZR FN13 33           0  4571  -16    1 -214  0
200908 1932   5 -13 -2.75  10.1401584  WA2JRV EM12 37          0     1    0    1  382  0
200908 1936   4 -17 -3.05  10.1401582  WA2JRV EM12 37          0     1    0    1  440  0
200908 1938   6 -15 -3.18  10.1401585  WA2JRV EM12 37          0     1    0    1  656  0
200908 1938   1 -33 -0.32  10.1401917  AC2ZR FN13 33           0   815    0    1 -196  0
200908 1942   3 -17 -3.47  10.1401582  WA2JRV EM12 37          1     1    0    1  529  0
200908 1944   1 -31 -0.83  10.1401917  AC2ZR FN13 33           0    86    0    1  -19  0
200908 1944   1 -33 -0.83  10.1401991  KB3OIL FM19 30          0     7   16    2    6  0
200908 1946   3 -15 -3.73  10.1401587  WA2JRV EM12 37          1     2    0    1  252  0
200908 1948   4 -17 -1.17  10.1401591  WA2JRV EM12 37          0     1    0    1  390  0
200908 1948   1 -32  1.65  10.1401917  AC2ZR FN13 33           0   642  -16    2 -166  0
200908 1948   1 -29  2.54  10.1402074  N0CXX EN42 37           0     5    0    2   46  0
200908 1950   1 -31  1.35  10.1401917  AC2ZR FN13 33           0  2308    8    1 -234  0
200908 2008   4 -28 -0.74  10.1401603  AC3V FN11 40            0     1    0    1  387  0
200908 2010   5 -16 -3.86  10.1401609  WA2JRV EM12 37          0     1    0    1  411  0
200908 2010   2 -33 -1.17  10.1401916  AC2ZR FN13 33           0   103    0    1   25  0
200908 2010   1 -29 -0.40  10.1402076  N0CXX EN42 37           0  4111   16    1 -193  0
200908 2010   3 -32 -0.83  10.1402681  N0UR EN33 27            0     1    0    1  276  0
200908 2012   1 -25  1.77  10.1401501  KY5M EM12 37            0   352   -8    2 -190  0
200908 2012   4 -18 -1.30  10.1401605  WA2JRV EM12 37          0     1    0    1  603  0
200908 2012   1 -26  1.39  10.1401917  AC2ZR FN13 33           0  2324    0    2  -94  0
200908 2014   1 -23  1.18  10.1401915  AC2ZR FN13 33           0   918   32    2  -77  0
200908 2020   5 -22 -1.85  10.1401589  WA2JRV EM12 37          0     1    0    1  626  0
200908 2020   1 -31  0.88  10.1401916  AC2ZR FN13 33           0  3464  -16    2 -187  0
200908 2022   3 -24 -2.02  10.1401589  WA2JRV EM12 37          0     1    0    1  250  0
200908 2022   2 -29  0.75  10.1401916  AC2ZR FN13 33           0    38    0    1  -83  0
200908 2024   3 -23  0.88  10.1401762  <WA3DNM> FM29FW 37      0     1    0    1  379  0
200908 2024   2 -25  0.54  10.1401915  AC2ZR FN13 33           0     1    0    1  280  0
200908 2028   2 -33  0.49  10.1402737  KM4UDX FM18 37          0     1    0    1  572  0
200908 2030   5 -18 -2.66  10.1401582  WA2JRV EM12 37          0     1    0    1  448  0
200908 2030   1 -31  0.79  10.1401801  W5JVS EM15 37           0    74  -24    2 -127  0
200908 2032   7 -16 -2.88  10.1401581  WA2JRV EM12 37          0     1    0    1  752  0
200908 2032   2 -31 -0.02  10.1401914  AC2ZR FN13 33           0    16    0    1   87  0
200908 2036   5 -18 -3.13  10.1401575  WA2JRV EM12 37          0     1    0    1  683  0
200908 2038   3 -21  2.20  10.1401576  WA2JRV EM12 37          0     1    0    1  409  0
200908 2042   5 -19 -3.60  10.1401570  WA2JRV EM12 37          1     1    0    1  646  0
200908 2046   5 -23 -3.90  10.1401573  WA2JRV EM12 37          0     1    0    1  593  0
200908 2048   5 -32 -1.34  10.1401575  WA2JRV EM12 37          0     1    0    1  388  0
200908 2048   2 -18  1.77  10.1401767  <WA3DNM> FM29FW 37      0     7    0    1   94  0
200908 2054   2 -18 -1.77  10.1401577  WA2JRV EM12 37          0     1    0    1  123  0
200908 2056   3 -24 -1.94  10.1401576  WA2JRV EM12 37          0     1    0    1  519  0
200908 2104   3 -30 -2.54  10.1401573  WA2JRV EM12 37          1     1    0    1  261  0
200908 2118   1 -23 -0.79  10.1401914  AC2ZR FN13 33           0  3943   -8    2  -47  0
200908 2134   2 -32  0.71  10.1401914  AC2ZR FN13 33           0     3    0    1  125  0
200908 2136   3 -26  0.49  10.1401914  AC2ZR FN13 33           0     1    0    1  252  0
200908 2142   2 -28  0.32  10.1401914  AC2ZR FN13 33           0     1    0    1  208  0
200908 2144   3 -28  0.19  10.1401914  AC2ZR FN13 33           0     1    0    1  284  0
200908 2146   2 -26 -0.02  10.1401914  AC2ZR FN13 33           0     3    0    1    1  0
200908 2148   2 -31 -0.19  10.1401915  AC2ZR FN13 33           0    36    0    1  -66  0
200908 2154   2 -33 -0.40  10.1401760  <WA3DNM> FM29FW 37      0     1    0    1  195  0
200908 2200   2 -21 -1.13  10.1401914  AC2ZR FN13 33           0   887   16    1 -213  0
200908 2210   1 -24  1.05  10.1401913  AC2ZR FN13 33           0  1570    8    1 -185  0
200908 2216   1 -31  0.66  10.1401914  AC2ZR FN13 33           0   767    8    1 -213  0
200908 2256   1 -31  0.32  10.1401912  AC2ZR FN13 33           0  1161    8    2 -121  0
200908 2258   2 -23  0.19  10.1401913  AC2ZR FN13 33           0     1    0    1   26  0
200908 2300   2 -21  0.02  10.1401913  AC2ZR FN13 33           0     5    0    1   86  0
200908 2302   3 -24 -0.15  10.1401913  AC2ZR FN13 33           0     1    0    1  505  0
200908 2304   1 -29  5.19  10.1401913  AC2ZR FN13 33           0   520    0    2 -188  0
200909 0012   1 -25  5.70  10.1401913  AC2ZR FN13 33           0    54  -24    1  -72  0
200909 0020   2 -30 -0.53  10.1401916  AC2ZR FN13 33           0     1    0    1  389  0
200909 0022   2 -26 -0.66  10.1401916  AC2ZR FN13 33           0  3646   -8    1 -291  0
200909 0050   2 -20  0.07  10.1401917  AC2ZR FN13 33           0     2    0    1   59  0
200909 0054   1 -24 -0.23  10.1401918  AC2ZR FN13 33           0   752    0    1  -86  0
200909 0056   1 -27  4.97  10.1401918  AC2ZR FN13 33           0     6   40    2  -27  0
200909 0058   2 -22 -0.53  10.1401950  AA0DW DN70 37           0  4610    0    1 -254  0
200909 0104   1 -29  1.77  10.1401919  AC2ZR FN13 33           0    94    0    1  -49  0
200909 0110   2 -26  1.73  10.1401138  K6RRP DM12 33           0   201    0    1  -96  0
200909 0112   1 -27  1.05  10.1401916  AC2ZR FN13 33           0   608    0    1  -16  0
200909 0112   1 -25  1.13  10.1402391  K1BZ FM19 30            0  3017   24    3 -105  0
200909 0118   1 -28  0.75  10.1401918  AC2ZR FN13 33           0  4745  -24    2 -120  0
200909 0122   3 -25  0.32  10.1401920  AC2ZR FN13 33           0     1    0    1  417  0
200909 0124   4 -16  0.19  10.1401920  AC2ZR FN13 33           0     1    0    1  599  0
200909 0126   2 -20  0.07  10.1401921  AC2ZR FN13 33           0     3    0    1  115  0
200909 0128   2 -21  0.02  10.1402390  K1BZ FM19 30            0   103    0    1 -148  0
200909 0206   1 -17 -0.19  10.1401920  AC2ZR FN13 33           0  1415    8    2 -163  0
200909 0210   2 -20 -0.40  10.1401920  AC2ZR FN13 33           0  3912    0    1 -176  0
200909 0210   3 -24 -0.06  10.1402463  K6RRP DM12 33           0     1    0    1  347  0
200909 0212   2 -24 -0.66  10.1401919  AC2ZR FN13 33           0     1    0    1  257  0
200909 0216   2 -23 -0.91  10.1401916  AC2ZR FN13 33           0     1    0    1  252  0
200909 0218   3 -23  1.65  10.1401918  AC2ZR FN13 33           0     3    0    1   34  0
200909 0222   3 -23  1.39  10.1401918  AC2ZR FN13 33           0     2    0    1   29  0
200909 0248   3 -15 -0.62  10.1401621  <...> FN42FK 40         0     1    0    1  306  0
200909 0250   3 -20  5.10  10.1401100  K6RRP DM12 33           1     3    0    1   93  0
200909 0308   2 -32  0.62  10.1402639  WA1DLZ FN54 30         -1     1    0    1  145  0
200909 0310   4 -19  0.92  10.1402762  K6RRP DM12 33           0     1    0    1  510  0
200909 0330   2 -24  4.93  10.1401245  K6RRP DM12 33           0    22    0    1  -59  0
200909 0332   3 -12  1.65  10.1401951  AA0DW DN70 37          -1     1    0    1  489  0
200909 0342   1 -13  0.79  10.1401950  AA0DW DN70 37           0   751    0    1 -103  0
200909 0450   1 -24  1.60  10.1402303  K6RRP DM12 33           0  4387   -8    1 -219  0
200909 0500   4 -23  0.92  10.1402554  K6RRP DM12 33           0     1    0    1  586  0
200909 0520   4 -17  2.16  10.1401714  K6RRP DM12 33           0     1    0    1  390  0
200909 1058   5 -18  3.78  10.1401991  VE2DPF FN35 37          0     1    0    1  565  0
200909 1100   2 -22  0.92  10.1401048  KC5CNT FN34 23          0  2174   24    1 -126  0
200909 1100   3 -23  0.92  10.1401981  VA2RJ FN35 30           1     1    0    1  361  0
200909 1100   3 -23  1.18  10.1402475  VE2SOB FN35 23         -1     1    0    1  407  0
200909 1110   4 -18  2.88  10.1401989  VE2DPF FN35 37          1     1    0    1  607  0
200909 1112   2 -26  0.02  10.1401977  VA2RJ FN35 30           0   258    0    1  -33  0
200909 1120   3 -26  2.16  10.1401988  VE2DPF FN35 37          0     1    0    1  477  0
200909 1130   4 -14  1.13  10.1401937  AC2ZR FN13 33           0     1    0    1  644  0
200909 1132   4 -16  0.96  10.1401936  AC2ZR FN13 33           0     1    0    1  687  0
200909 1134   4 -18  0.83  10.1401936  AC2ZR FN13 33           0     1    0    1  628  0
200909 1136   3 -19  0.62  10.1401935  AC2ZR FN13 33           0     1    0    1  616  0
200909 1136   3 -23  3.74  10.1401984  VE2DPF FN35 37          0     1    0    1  390  0
200909 1138   4 -20  0.54  10.1401936  AC2ZR FN13 33           0     1    0    1  463  0
200909 1140   4 -16  0.71  10.1401935  AC2ZR FN13 33           0     1    0    1  645  0
200909 1142   4 -16  0.58  10.1401937  AC2ZR FN13 33           0     1    0    1  666  0
200909 1144   4 -16  0.45  10.1401936  AC2ZR FN13 33           0     1    0    1  626  0
200909 1146   1 -27  0.28  10.1401937  AC2ZR FN13 33           0   132   -8    1  -34  0
200909 1146   2 -29  2.84  10.1401984  VE2DPF FN35 37          0  3666    8    1 -276  0
200909 1148   1 -31  0.11  10.1401935  AC2ZR FN13 33           0   267    0    1  183  0
200909 1148   3 -23  0.11  10.1402214  W3AJ FM29 40            0     1    0    1  611  0
200909 1206   2 -26  1.52  10.1401934  AC2ZR FN13 33           0     1    0    1  201  0
200909 1208   2 -18  1.30  10.1401382  KK1D FN31 30            0   474    0    1  -47  0
200909 1208   1 -30  1.39  10.1401933  AC2ZR FN13 33           0   585   -8    2 -155  0
200909 1208   4 -19  1.22  10.1401995  KB3OIL FM19 30          0     1    0    1  390  0
200909 1212   1 -27  1.09  10.1401934  AC2ZR FN13 33           0  4647  -16    2 -248  0
200909 1228   2 -30 -0.15  10.1401935  AC2ZR FN13 33           0     1    0    1  102  0
200909 1232   1 -20 -0.36  10.1401935  AC2ZR FN13 33           0  3892  -32    2 -168  0
200909 1240   3 -25  1.52  10.1401993  KB3OIL FM19 30          0     1    0    1  165  0
200909 1242   2 -33  1.39  10.1401934  AC2ZR FN13 33           0     6    0    1  134  0
200909 1252   2 -25  0.66  10.1401935  AC2ZR FN13 33           0  2616    8    2   39  0
200909 1254   2 -33  0.62  10.1401934  AC2ZR FN13 33           0   190    0    1  -84  0
200909 1256   3 -32  0.32  10.1401935  AC2ZR FN13 33           0     1    0    1  453  0
200909 1300   3 -23  0.07  10.1401992  KB3OIL FM19 30          0     1    0    1  283  0
200909 1308   3 -27 -0.49  10.1401627  AC3V FN11 40            0     1    0    1  156  0
200909 1308   1 -34 -0.36  10.1402387  K1BZ FM19 30            0  2753    8    2 -152  0
200909 1316   1 -25  1.82  10.1401932  AC2ZR FN13 33           0  1427  -64    1 -144  0
200909 1318   2 -28  1.52  10.1401934  AC2ZR FN13 33           0    24    0    1  -46  0
200909 1322   2 -26  1.13  10.1401992  KB3OIL FM19 30          0     1    0    1  123  0
200909 1456   2 -27  2.67  14.0970713  WA3ITR FN42 33          0    24    0    1  -56  0
200909 1544   3 -24  0.45   7.0400701  WA8KNE EM90 37          0     1    0    1  445  0
200909 1544   2 -30  0.88   7.0401334  WA4KFZ FM18 37          0   288    0    1  -90  0
200909 1544   2 -19  0.32   7.0400001  WA8KNE EM90 37          0     1    0    1  137  0
200909 1544   2 -28  0.79   7.0400634  WA4KFZ FM18 37          0     1    0    1  366  0
200909 1550   1 -32  1.13   7.0400617  AJ8S EM89 30            0   152   -8    2 -136  0
200909 1550   3 -25  1.39   7.0401334  WA4KFZ FM18 37          0     1    0    1  606  0
200909 1554   3 -22  0.66   7.0400700  WA8KNE EM90 37          0     1    0    1  426  0
200909 1602   4 -17 -0.40   7.0400018  AD0RR EM37 23           0     1    0    1  427  0
200909 1602   3 -22  0.15   7.0400614  AJ8S EM89 30            0     1    0    1  303  0
200909 1610   2 -28 -0.57   7.0400701  WA8KNE EM90 37          0     2    0    1    7  0
200909 1618   7  -7  1.47   7.0401113  KD6RF EM22 37           0     1    0    1  337  0
200909 1630   3 -24  0.71   7.0400700  WA8KNE EM90 37          0   726    0    1 -194  0
200909 1642   2 -25 -0.23   7.0401218  KI5GNH EM28 37          0   496    0    1 -113  0
200909 1646   3 -23 -0.62   7.0400951  KB8M EN71 30            1     1    0    1   78  0
200909 1650   3 -26 -0.36   7.0401335  WA4KFZ FM18 37          0     1    0    1   40  0
200909 1654   3 -23  1.90   7.0400616  AJ8S EM89 30            0     1    0    1   60  0
200909 1658   3 -22  1.26   7.0400950  KB8M EN71 30            0    26    0    1  -86  0
200909 1702   3 -21  0.37   7.0400019  AD0RR EM37 23           0     1    0    1  113  0
200909 1702   5 -13  0.92   7.0401112  KD6RF EM22 37           0     2    0    1  -14  0
200909 1706   2 -24  0.92   7.0400622  AJ8S EM89 30            0   700  -16    3 -139  0
200909 1706   2 -24  0.71   7.0400700  WA8KNE EM90 37          0  2834    0    1 -206  0
200909 1730   3 -16  1.56   7.0401113  KD6RF EM22 37           0  2375    8    3 -192  0
200909 1740   3 -17  4.38   7.0401307  WA4DT EM94 37           0     1    0    1  161  0
200909 1748   5 -15  3.57   7.0401307  WA4DT EM94 37           0     1    0    1  549  0
200909 1754   3 -20  6.72   7.0401308  WA4DT EM94 37           0     1    0    1  363  0
200909 1756   4 -26 -0.53  14.0970315  N2HQI FN13 37           2     1    0    1  417  0
200909 2210   2 -25  0.37   0.0014259  VE6ZC DO21 37           0  1511    0    1 -125  0
200909 2336   2 -24 -2.49   0.0014292  K1YZY FN41 37           0  4288  -32    1 -224  0
200910 1424   1 -31  2.46   0.0014011  G7D/4W6OVY 43           0  4433  -24    2 -249  0
200910 1430   3 -26  0.28   0.0014336  KC1ELD FN42 37          0     1    0    1  280  0
